           0       0.28      0.95      0.43        83
           1       0.96      1.00      0.98       237
           2       0.40      0.68      0.51        37
           3       0.06      0.11      0.08        19
           4       0.73      0.83      0.78       630
           5       0.00      0.00      0.00        28
           6       0.00      0.00      0.00       574
           7       0.01      0.03      0.02        30
           8       0.31      0.79      0.45       229
           9       0.54      0.27      0.36       132
          10       0.00      0.00      0.00        19
          11       0.17      0.24      0.20        17
          12       0.37      0.30      0.33       205
          13       0.00      0.00      0.00        45
          14       0.89      0.90      0.90      2329
   micro avg       0.71      0.71      0.71      4614
   macro avg       0.32      0.41      0.33      4614
weighted avg       0.66      0.71      0.67      4614

0.7050281751192025

