precision    recall  f1-score   support
           0       0.51      0.28      0.36        83
           1       0.98      1.00      0.99       237
           2       0.42      0.86      0.56        37
           3       0.75      0.16      0.26        19
           4       0.75      0.81      0.78       630
           5       0.00      0.00      0.00        28
           6       0.68      0.89      0.77       574
           7       0.33      0.10      0.15        30
           8       0.00      0.00      0.00       229
           9       0.56      0.39      0.46       132
          10       0.77      0.53      0.62        19
          11       0.00      0.00      0.00        17
          12       0.49      0.54      0.51       205
          13       0.75      0.91      0.82        45
          14       0.93      0.97      0.95      2329
   micro avg       0.82      0.82      0.82      4614
   macro avg       0.53      0.50      0.48      4614
weighted avg       0.77      0.82      0.79      4614

0.8214130905938448