classification:
           0       1.00      0.12      0.22        83
           1       0.97      1.00      0.98       237
           2       0.39      0.46      0.42        37
           3       0.40      0.11      0.17        19
           4       0.69      0.93      0.79       630
           5       0.00      0.00      0.00        28
           6       0.68      0.89      0.77       574
           7       0.22      0.07      0.10        30
           8       0.61      0.08      0.15       229
           9       0.56      0.55      0.55       132
          10       0.62      0.53      0.57        19
          11       0.24      0.47      0.32        17
          12       0.68      0.33      0.44       205
          13       0.75      0.91      0.82        45
          14       0.95      0.96      0.96      2329
   micro avg       0.83      0.83      0.83      4614
   macro avg       0.58      0.49      0.48      4614
weighted avg       0.82      0.83      0.80      4614

0.8257477243172952

abnormal detection:
           0       0.95      0.97      0.96      2329
           1       0.97      0.94      0.96      2285
   micro avg       0.96      0.96      0.96      4614
   macro avg       0.96      0.96      0.96      4614
weighted avg       0.96      0.96      0.96      4614

0.9575205895101864