              precision    recall  f1-score   support
           0       0.37      0.11      0.17        90
           1       0.96      0.99      0.97       247
           2       0.38      0.64      0.48        28
           3       0.64      0.47      0.54        15
           4       0.65      0.88      0.75       624
           5       0.00      0.00      0.00        17
           6       0.64      0.89      0.75       576
           7       0.00      0.00      0.00        19
           8       0.00      0.00      0.00       240
           9       0.55      0.43      0.48       138
          10       0.98      0.91      0.95      2352
          11       0.95      0.98      0.97      4574
          12       0.00      0.00      0.00        27
          13       0.00      0.00      0.00        14
          14       0.66      0.52      0.58       216
          15       0.77      0.80      0.78        50
   micro avg       0.89      0.89      0.89      9227
   macro avg       0.47      0.48      0.46      9227
weighted avg       0.87      0.89      0.87      9227

